{
 "cells": [
  {
   "cell_type": "code",
   "execution_count": 2,
   "metadata": {
    "collapsed": true
   },
   "outputs": [],
   "source": [
    "import pandas as pd\n",
    "\n",
    "# 读取数据\n",
    "data = pd.read_excel('./data/data1.xlsx')\n",
    "\n",
    "# 计算相关系数\n",
    "corr_matrix = data.corr(method='pearson')\n",
    "\n",
    "# 保存到文件中\n",
    "corr_matrix.to_csv('./data/correlation.csv', index=False)"
   ]
  },
  {
   "cell_type": "code",
   "execution_count": 1,
   "metadata": {},
   "outputs": [
    {
     "name": "stdout",
     "output_type": "stream",
     "text": [
      "              内侧干球      内侧湿球      外侧干球      外侧湿球     压缩机频率      风机频率  膨胀阀开度  \\\n",
      "内侧干球      1.000000  1.000000  0.770452  0.978688 -0.709728  0.285795    NaN   \n",
      "内侧湿球      1.000000  1.000000  0.770452  0.978688 -0.709728  0.285795    NaN   \n",
      "外侧干球      0.770452  0.770452  1.000000  0.884943 -0.750301  0.504785    NaN   \n",
      "外侧湿球      0.978688  0.978688  0.884943  1.000000 -0.760151  0.371378    NaN   \n",
      "压缩机频率    -0.709728 -0.709728 -0.750301 -0.760151  1.000000  0.017287    NaN   \n",
      "风机频率      0.285795  0.285795  0.504785  0.371378  0.017287  1.000000    NaN   \n",
      "膨胀阀开度          NaN       NaN       NaN       NaN       NaN       NaN    NaN   \n",
      "冷媒压力2#排气  0.347762  0.347762  0.505995  0.417035 -0.058680  0.737526    NaN   \n",
      "冷媒压力3#喷焓  0.690143  0.690143  0.676941  0.722213 -0.454014  0.674803    NaN   \n",
      "冷媒压力4#回气  0.860821  0.860821  0.794444  0.884745 -0.837223  0.309888    NaN   \n",
      "排气       -0.182441 -0.182441  0.002974 -0.132317  0.380851  0.220286    NaN   \n",
      "回气        0.645586  0.645586  0.591222  0.662052 -0.701538 -0.119242    NaN   \n",
      "T3        0.434745  0.434745  0.584162  0.505756 -0.168708  0.908656    NaN   \n",
      "冷中        0.450650  0.450650  0.580874  0.516316 -0.159152  0.812605    NaN   \n",
      "辅进        0.668666  0.668666  0.692163  0.711427 -0.417262  0.729066    NaN   \n",
      "冷媒散热管出口   0.521842  0.521842  0.693573  0.604625 -0.284441  0.882488    NaN   \n",
      "冷媒散热管进口2  0.716347  0.716347  0.900960  0.813516 -0.769854  0.141239    NaN   \n",
      "辅出        0.483759  0.483759  0.463575  0.502717 -0.241651  0.628942    NaN   \n",
      "能力       -0.511458 -0.511458 -0.628287 -0.576009  0.614562 -0.427536    NaN   \n",
      "功率       -0.447340 -0.447340 -0.400811 -0.455895  0.801049  0.336171    NaN   \n",
      "能效       -0.021456 -0.021456 -0.225924 -0.088448 -0.260271 -0.829878    NaN   \n",
      "热回流率      0.170569  0.170569  0.223038  0.196447  0.036139  0.825239    NaN   \n",
      "\n",
      "          冷媒压力2#排气  冷媒压力3#喷焓  冷媒压力4#回气  ...        T3        冷中        辅进  \\\n",
      "内侧干球      0.347762  0.690143  0.860821  ...  0.434745  0.450650  0.668666   \n",
      "内侧湿球      0.347762  0.690143  0.860821  ...  0.434745  0.450650  0.668666   \n",
      "外侧干球      0.505995  0.676941  0.794444  ...  0.584162  0.580874  0.692163   \n",
      "外侧湿球      0.417035  0.722213  0.884745  ...  0.505756  0.516316  0.711427   \n",
      "压缩机频率    -0.058680 -0.454014 -0.837223  ... -0.168708 -0.159152 -0.417262   \n",
      "风机频率      0.737526  0.674803  0.309888  ...  0.908656  0.812605  0.729066   \n",
      "膨胀阀开度          NaN       NaN       NaN  ...       NaN       NaN       NaN   \n",
      "冷媒压力2#排气  1.000000  0.757190  0.187711  ...  0.838129  0.964611  0.676185   \n",
      "冷媒压力3#喷焓  0.757190  1.000000  0.663563  ...  0.812421  0.840714  0.946386   \n",
      "冷媒压力4#回气  0.187711  0.663563  1.000000  ...  0.432659  0.347245  0.701586   \n",
      "排气        0.566212  0.060360 -0.384006  ...  0.152114  0.388977  0.041632   \n",
      "回气       -0.056555  0.284276  0.702465  ... -0.115788 -0.035856  0.323407   \n",
      "T3        0.838129  0.812421  0.432659  ...  1.000000  0.932260  0.806215   \n",
      "冷中        0.964611  0.840714  0.347245  ...  0.932260  1.000000  0.787564   \n",
      "辅进        0.676185  0.946386  0.701586  ...  0.806215  0.787564  1.000000   \n",
      "冷媒散热管出口   0.849475  0.846071  0.522022  ...  0.981107  0.937930  0.835843   \n",
      "冷媒散热管进口2  0.256214  0.434040  0.683916  ...  0.235088  0.284619  0.423187   \n",
      "辅出        0.363087  0.444912  0.521446  ...  0.717668  0.532155  0.483262   \n",
      "能力       -0.047304 -0.416397 -0.784959  ... -0.456086 -0.235562 -0.534775   \n",
      "功率        0.464996 -0.027806 -0.694090  ...  0.257009  0.349958 -0.073006   \n",
      "能效       -0.577153 -0.378408 -0.020336  ... -0.746488 -0.629349 -0.469397   \n",
      "热回流率      0.631232  0.631161  0.274462  ...  0.859878  0.740962  0.648291   \n",
      "\n",
      "           冷媒散热管出口  冷媒散热管进口2        辅出        能力        功率        能效      热回流率  \n",
      "内侧干球      0.521842  0.716347  0.483759 -0.511458 -0.447340 -0.021456  0.170569  \n",
      "内侧湿球      0.521842  0.716347  0.483759 -0.511458 -0.447340 -0.021456  0.170569  \n",
      "外侧干球      0.693573  0.900960  0.463575 -0.628287 -0.400811 -0.225924  0.223038  \n",
      "外侧湿球      0.604625  0.813516  0.502717 -0.576009 -0.455895 -0.088448  0.196447  \n",
      "压缩机频率    -0.284441 -0.769854 -0.241651  0.614562  0.801049 -0.260271  0.036139  \n",
      "风机频率      0.882488  0.141239  0.628942 -0.427536  0.336171 -0.829878  0.825239  \n",
      "膨胀阀开度          NaN       NaN       NaN       NaN       NaN       NaN       NaN  \n",
      "冷媒压力2#排气  0.849475  0.256214  0.363087 -0.047304  0.464996 -0.577153  0.631232  \n",
      "冷媒压力3#喷焓  0.846071  0.434040  0.444912 -0.416397 -0.027806 -0.378408  0.631161  \n",
      "冷媒压力4#回气  0.522022  0.683916  0.521446 -0.784959 -0.694090 -0.020336  0.274462  \n",
      "排气        0.181053 -0.028871 -0.230317  0.554731  0.637321 -0.145015  0.022626  \n",
      "回气        0.023905  0.693736 -0.054852 -0.364258 -0.698470  0.387641 -0.283153  \n",
      "T3        0.981107  0.235088  0.717668 -0.456086  0.257009 -0.746488  0.859878  \n",
      "冷中        0.937930  0.284619  0.532155 -0.235562  0.349958 -0.629349  0.740962  \n",
      "辅进        0.835843  0.423187  0.483262 -0.534775 -0.073006 -0.469397  0.648291  \n",
      "冷媒散热管出口   1.000000  0.370844  0.706815 -0.479903  0.165558 -0.669301  0.792993  \n",
      "冷媒散热管进口2  0.370844  1.000000  0.192115 -0.422406 -0.517702  0.109012 -0.195479  \n",
      "辅出        0.706815  0.192115  1.000000 -0.612783 -0.035966 -0.560863  0.658524  \n",
      "能力       -0.479903 -0.422406 -0.612783  1.000000  0.615908  0.368555 -0.453728  \n",
      "功率        0.165558 -0.517702 -0.035966  0.615908  1.000000 -0.471833  0.283262  \n",
      "能效       -0.669301  0.109012 -0.560863  0.368555 -0.471833  1.000000 -0.768686  \n",
      "热回流率      0.792993 -0.195479  0.658524 -0.453728  0.283262 -0.768686  1.000000  \n",
      "\n",
      "[22 rows x 22 columns]\n"
     ]
    }
   ],
   "source": [
    "import pandas as pd\n",
    "import numpy as np\n",
    "\n",
    "# 读取数据\n",
    "data = pd.read_excel('./data/data1.xlsx')\n",
    "\n",
    "# 标准化数据\n",
    "data_norm = (data - data.mean()) / data.std()\n",
    "\n",
    "# 计算相关系数矩阵\n",
    "corr_matrix = np.corrcoef(data_norm, rowvar=False)\n",
    "\n",
    "# 将相关系数矩阵转换为DataFrame格式\n",
    "corr_df = pd.DataFrame(corr_matrix, columns=data.columns, index=data.columns)\n",
    "\n",
    "# 打印相关系数矩阵\n",
    "print(corr_df)\n",
    "# 保存到文件中\n",
    "corr_df.to_csv('./data/correlation.csv', index=False)\n"
   ]
  },
  {
   "cell_type": "code",
   "execution_count": null,
   "metadata": {
    "collapsed": true
   },
   "outputs": [],
   "source": []
  }
 ],
 "metadata": {
  "kernelspec": {
   "display_name": "Python 3 (ipykernel)",
   "language": "python",
   "name": "python3"
  },
  "language_info": {
   "codemirror_mode": {
    "name": "ipython",
    "version": 3
   },
   "file_extension": ".py",
   "mimetype": "text/x-python",
   "name": "python",
   "nbconvert_exporter": "python",
   "pygments_lexer": "ipython3",
   "version": "3.11.4"
  }
 },
 "nbformat": 4,
 "nbformat_minor": 2
}
